   2.0000000e+00  -5.8780802e-01   7.0425335e-01   1.0218628e+00   1.1555119e+00   3.1329564e-01   4.8992955e-01
   2.0000000e+00  -7.7898272e-01   3.6115862e-02  -2.2179931e-01  -1.8357085e-01   1.4660572e-01   1.1605194e+00
   2.0000000e+00  -4.4981319e-01  -2.8344020e-02   1.0979550e+00   1.9338751e+00  -1.0165490e+00   6.2707557e-01
   2.0000000e+00   1.1539923e+00   4.9281637e-01   1.1748855e+00  -1.9638332e+00   1.6007089e+00   5.7122924e-01
   2.0000000e+00  -1.1605038e+00   1.0838400e+00  -5.9997473e-01  -1.6471146e+00  -2.7347251e+00  -1.3543291e+00
   2.0000000e+00   5.3940689e-01  -2.6463574e-01   1.7311379e+00  -1.3944486e+00  -8.2651910e-01  -3.2474327e-01
   2.0000000e+00  -1.5151569e+00  -4.1142203e-01   2.2274847e+00  -4.5300765e-01  -2.3817039e-01  -5.6710884e-01
   2.0000000e+00   7.7421289e-01  -9.1050395e-01  -4.1395133e-01  -1.2958733e+00  -2.7349395e-01   7.3424017e-01
   2.0000000e+00   1.5376954e-01   1.3581384e+00   2.4636990e-01   1.1301103e+00   1.4316953e-01   7.1788305e-01
   2.0000000e+00  -2.0195652e+00   5.3574070e-01   8.7889420e-01   7.7755672e-02   9.6494891e-01  -1.3916661e+00
   2.0000000e+00   9.6604295e-01   4.5441495e-01  -4.6602441e-01   4.4734686e-01   1.0251086e+00   1.5111625e+00
   2.0000000e+00  -8.7007963e-01  -1.4990846e+00  -9.0368179e-01  -7.8860989e-01   3.9600437e-01  -1.0020321e+00
   2.0000000e+00   1.0305161e-01   9.0808451e-01   4.1304143e-01   1.6384639e+00   1.0138439e+00   1.6685693e-01
   1.0000000e+00   4.8208149e-02  -3.4451116e-01   7.2239399e-01   2.8147665e-01  -2.1119746e+00   1.2992820e+00
   1.0000000e+00   2.0713481e-01  -2.3695893e-01   5.4500391e-01  -1.9011696e-01   5.8912439e-01  -6.0467957e-01
   2.0000000e+00  -2.2241568e-02   1.6703266e-01  -1.1440657e+00  -8.8557523e-01  -1.6493437e+00   2.2507434e-01
   2.0000000e+00  -3.2907854e-01  -9.2058819e-01  -2.0131098e-01   2.2321458e-01  -7.8606547e-01  -4.8650036e-01
   2.0000000e+00   7.7588859e-01   1.0623375e+00  -3.0865239e-02  -2.4108623e+00   3.3969221e-01  -1.8122193e+00
   2.0000000e+00  -1.6574022e+00  -8.5755760e-03  -4.0244204e-01  -1.2338427e+00   1.3696751e-01   3.0707339e-01
   2.0000000e+00   1.2535709e-01  -5.6576318e-01  -1.2850036e+00  -4.7885301e-01  -7.2594877e-01  -2.0766108e+00
   2.0000000e+00   9.5021370e-01  -1.3104749e-01  -5.9066336e-01  -8.8775949e-01  -1.0381161e+00   5.2721646e-01
   2.0000000e+00   9.1694750e-01   1.5436323e-02  -8.6448700e-01  -2.1622833e-01  -1.1376820e-02  -5.2274088e-02
   2.0000000e+00   3.3418917e-01  -1.2527820e+00  -8.9344564e-01   6.2284498e-01  -1.6077117e-01   5.1669696e-01
   2.0000000e+00   4.5496983e-01  -3.6161559e-02  -4.2240786e-01   1.9465583e-01   1.4534032e+00  -2.8078540e-01
   2.0000000e+00  -1.6962412e+00  -7.7003080e-01   9.7624207e-01   2.5574617e-01  -1.1798242e+00  -1.3813370e+00
   1.0000000e+00   1.5663055e-01   4.5047234e-01   3.6748609e-01   8.7227971e-02  -1.1880354e+00   1.0047760e+00
   2.0000000e+00  -6.6414557e-01   1.2355877e+00  -2.2079417e-01  -2.7960280e-01   7.8204332e-01   2.4799221e-01
   1.0000000e+00  -4.0925088e-01  -1.6874321e+00   3.8868613e-01  -4.2223583e-01  -1.6270049e+00   2.4964847e-01
   1.0000000e+00   8.2886224e-01  -1.9714282e-01   2.9752140e-01  -5.8450626e-01  -1.2897331e+00  -2.2305708e-01
   2.0000000e+00   7.7413991e-01   1.3634274e+00  -9.2202621e-01  -3.9566431e-02   1.3171082e+00   1.1711879e+00
   2.0000000e+00  -2.7119826e-01  -6.9298938e-01  -7.1542073e-01   3.0881396e-01   3.0908931e-01  -3.8287882e-01
   2.0000000e+00  -6.7007343e-01  -6.0152879e-01  -1.2095175e+00   4.3978347e-01   2.7617490e-01   8.9650875e-01
   2.0000000e+00  -3.6585296e-01  -8.8167490e-01  -5.4065992e-01  -1.2896834e+00  -1.3468866e-01   1.0505513e+00
   2.0000000e+00   4.3492432e-01   5.0739366e-01  -1.4040482e+00  -7.7711352e-01  -1.1268727e+00   4.2809624e-01
   2.0000000e+00   2.1796479e+00  -5.1715287e-01  -3.9171794e-01   4.3526665e-01  -8.1456519e-01   1.3929801e+00
   2.0000000e+00  -2.0779001e-02  -8.6482116e-02   1.2828664e+00  -1.1535263e+00  -1.7460800e+00  -2.3250229e-01
   1.0000000e+00   3.3781093e-01   2.5300763e+00   4.4827814e-01  -2.6491806e-01   2.4455758e-01  -3.1667923e-01
   2.0000000e+00  -7.5729418e-01   1.1641792e+00  -1.3660440e+00  -7.5387177e-01  -1.8904048e+00   5.6103922e-01
   2.0000000e+00   2.9124444e-01   1.0469958e+00  -1.1330981e+00  -1.2535367e+00  -2.4982763e+00  -8.6100976e-01
   2.0000000e+00   7.3521688e-01  -9.3379090e-01  -3.2765984e-01   1.2822770e+00  -4.3426582e-01  -2.1793283e+00
   2.0000000e+00   4.0892922e-01   5.7831249e-01  -4.4638611e-01   1.3934659e+00  -9.3873031e-01   4.6387243e-01
   2.0000000e+00   1.6032303e-01  -1.7292809e+00  -2.3230861e-01  -9.8795168e-01   6.9354794e-01  -8.9164365e-01
   2.0000000e+00   4.3217680e-01   3.6225487e-01   2.8943478e-01  -1.3996687e+00   8.0104291e-01   4.8032154e-01
   2.0000000e+00  -6.3829780e-01   6.8596965e-01  -1.7164773e-01   7.7164781e-01   5.9824904e-01   1.6396196e+00
   2.0000000e+00   8.7665621e-01  -1.5633447e+00  -1.2279355e+00  -9.5557287e-01   2.2900766e+00   1.5690708e+00
   2.0000000e+00   2.9074233e-01  -8.5131042e-01  -1.2246469e+00  -3.9465034e-01  -2.3770327e-02   2.0741140e-01
   2.0000000e+00  -4.6572435e-01   5.0000985e-01  -4.7929289e-01  -2.0291905e-01  -5.5984880e-01   5.7480404e-01
   2.0000000e+00  -9.1587254e-01  -2.7123595e-01   1.6349917e-01  -1.7323530e+00  -3.1987603e-01   2.0336630e-01
   2.0000000e+00  -4.5668969e-01   6.8487955e-01  -1.0210399e-01   5.9995157e-01  -3.9579770e-01  -5.4001538e-01
   2.0000000e+00   9.1796519e-01  -1.6923197e+00   4.0449372e-01  -1.1306857e+00  -4.1597673e-01   9.3706263e-01
   2.0000000e+00   1.0117082e-01  -1.3587299e+00  -1.9599919e-01  -1.9995825e+00   1.3269903e+00   1.9799189e+00
   2.0000000e+00   1.7966821e+00  -6.7659673e-01   8.3422412e-01   2.0889152e+00  -1.4949908e-04  -1.4098028e+00
   2.0000000e+00  -4.3935020e-01   1.0251091e+00  -1.6217185e+00   4.0731101e-02   1.8657085e+00   1.6131071e-01
   2.0000000e+00  -3.9197733e-01   8.0187913e-01   2.5085883e-01   1.0839168e+00   7.2841236e-01   1.4291213e+00
   2.0000000e+00  -4.2898623e-01   4.9146254e-01   7.3453279e-01  -1.4057720e+00   1.1139433e+00   3.1967056e-01
   2.0000000e+00  -9.2387577e-01   9.4526273e-01  -3.2533438e-01   1.8197525e+00  -9.4836074e-01   5.4191772e-01
   1.0000000e+00   6.1429149e-01   9.4556889e-01   4.7272945e-01  -5.5903500e-01  -1.7562249e+00   1.2665303e+00
   2.0000000e+00  -5.3745325e-01  -1.2256181e+00  -7.3898269e-01   2.4752537e+00   3.3397739e-01   3.0936706e-01
   1.0000000e+00   1.1966279e+00   1.0938379e-01   2.8677777e-01  -2.8688426e-01  -1.2391138e+00   3.0005841e+00
   1.0000000e+00  -2.5232169e-01  -1.6273447e-01   1.5746399e-01  -3.9208139e-01   1.3314782e-01   3.4171517e-01
   2.0000000e+00   2.6102016e-01   4.6478185e-01  -8.5504064e-01  -2.4742318e+00  -1.0659756e+00  -1.4425077e-01
   2.0000000e+00   9.3998854e-01  -1.3053812e+00  -1.3899347e+00  -4.1570247e-01  -1.4604029e-01  -1.4285992e-01
   2.0000000e+00   1.4120385e+00  -1.6701213e-01  -4.1162308e-01  -8.2067707e-02   2.5074811e-01   6.5071907e-01
   2.0000000e+00   2.3949656e+00  -1.5354305e-01   1.1287752e+00   1.0598868e+00   1.3628707e+00  -4.0674055e-01
   2.0000000e+00  -4.6375794e-04  -6.8617718e-01  -6.1737272e-01   1.5493084e+00   5.7326473e-01   1.4615803e+00
   2.0000000e+00  -6.4845416e-02  -4.3697442e-01   6.7412509e-01  -9.2347541e-01   3.3187715e-01  -2.0353319e-01
   2.0000000e+00   4.8156672e-01  -1.6071311e+00   8.6223832e-01   1.5205788e+00  -2.8390323e-01  -3.9894160e-01
   2.0000000e+00   9.6121185e-01   5.2433372e-01  -5.3757848e-01  -1.1420703e+00   2.6584216e-01  -4.2363655e-01
   2.0000000e+00  -9.2208869e-01  -7.6866999e-01  -2.2660080e-01   4.6183906e-01   1.1809389e+00   1.2225958e+00
   2.0000000e+00   1.5345544e+00   4.1425344e-01   1.4463030e+00   5.2633283e-01   7.8568065e-01  -1.1867064e+00
   2.0000000e+00  -6.5356084e-01   4.0644226e-01  -8.9931858e-01   7.3262705e-01  -2.8456380e-01  -7.4649280e-01
   2.0000000e+00   8.3731126e-01  -7.1286642e-03  -1.7480162e-01  -1.0752962e+00   1.9941172e+00   3.2525769e-01
   1.0000000e+00  -1.3871198e+00   1.2353710e-01   4.4538756e-01  -8.7493042e-02  -7.1272837e-01   1.1929817e+00
   2.0000000e+00   2.0386346e+00   3.5961262e-01  -7.5602909e-01  -7.6240749e-01  -8.5909729e-01   3.4276353e-01
   2.0000000e+00  -6.9868520e-01   1.8237776e-01  -1.8435419e+00  -5.1837190e-01  -1.0390376e+00   4.5832377e-01
   2.0000000e+00   8.4569576e-01  -1.5597173e+00  -2.0069356e+00   1.1887380e+00   7.2334000e-01   7.9775144e-01
   2.0000000e+00  -8.0693961e-01   7.6703858e-01   1.2477511e+00   2.7104930e-01  -8.1231818e-01   1.0304160e+00
   2.0000000e+00   8.9617117e-01  -2.5190880e-01   1.0371056e+00  -5.2252974e-01   1.3922030e+00  -5.8903945e-01
   2.0000000e+00  -1.2218140e+00  -3.3165270e-01  -1.7915638e+00   2.9296963e-01   8.2511139e-01   1.0091693e+00
   2.0000000e+00  -1.9625100e+00  -1.5696252e+00  -6.6171464e-01  -1.5164452e-01   1.0511571e-01  -5.5996060e-01
   2.0000000e+00   1.7990734e-01   4.5023012e-01   9.3502692e-01  -1.4457139e+00   2.1350531e+00   6.4218169e-01
   2.0000000e+00  -9.1683810e-01   2.1480648e+00   3.7990038e-01   1.4557421e+00  -1.3345579e+00  -4.2744362e-01
   2.0000000e+00   5.7380780e-01   7.7129937e-01   1.5356775e+00   5.9301191e-01  -2.1380873e+00  -1.4660506e+00
   1.0000000e+00   1.6408782e+00   2.9613525e-01   1.9777025e-01  -7.0988374e-01   2.2456790e-01  -1.9580765e+00
   2.0000000e+00  -9.5199600e-01   9.8249426e-01  -1.1753558e+00   1.7354030e+00   1.7780987e+00   4.4753701e-01
   2.0000000e+00  -2.7013299e+00  -3.8348663e-02   2.8083488e-01   4.4388837e-02   5.2586514e-01   3.2347928e-01
   2.0000000e+00   4.5880333e-02  -1.5973343e+00  -7.7561162e-02  -7.1884493e-01   1.0100624e+00   1.6211500e+00
   1.0000000e+00   2.7386283e-01   1.8582316e+00   7.5888095e-01   5.4175671e-01   1.0179517e-01  -9.9015726e-01
   2.0000000e+00   3.1319880e-01  -9.3786261e-01  -4.1088803e-01  -3.5712306e-01   5.3658627e-01  -3.3853212e-01
   2.0000000e+00   1.0595273e+00   8.5833897e-01  -1.2705374e+00   1.2145277e-01   2.2577738e-01   2.8381451e-01
   2.0000000e+00   9.5506076e-01   3.7639773e-01  -1.8633073e+00   4.4252345e-01   4.1449004e-01   8.7689998e-01
   2.0000000e+00   1.0010200e+00  -1.0400267e+00   1.4192860e+00  -4.5853810e-01  -1.1000783e+00  -8.5626747e-01
   2.0000000e+00   4.7468195e-01   9.7350441e-01  -6.9082534e-01   2.8325317e-01  -1.1987740e+00  -1.7137672e-01
   2.0000000e+00  -1.1125239e+00  -1.8118188e-01   9.2140753e-01   1.1922528e+00  -1.1609776e+00   4.5166553e-02
   2.0000000e+00  -1.1029309e+00  -5.0031535e-01   9.5694905e-01   1.1409066e+00   7.3988299e-01   6.9628462e-01
   2.0000000e+00  -5.0503321e-01  -1.5390621e+00  -1.4236296e+00   5.2537575e-01  -5.2065216e-01   2.9109267e-01
   2.0000000e+00  -2.5114682e-01   1.3112952e+00   1.1860521e+00  -9.9732357e-01  -8.4012994e-01   2.6466364e-01
   2.0000000e+00   2.2699468e-01  -1.4224919e+00  -1.0244497e+00  -1.5183693e-01  -1.7293311e-01  -1.9922726e+00
   1.0000000e+00   7.3594961e-01   7.5002346e-01   1.1267924e-01   6.1247790e-01   9.8478706e-02  -8.4172120e-01
   2.0000000e+00   8.4506192e-01  -1.1839425e-01  -2.5811596e+00  -8.4052934e-01  -1.7318254e-01  -6.0493671e-02
   2.0000000e+00   2.0568180e+00  -9.9923406e-02  -8.9318987e-01  -4.8923942e-01  -1.8366543e+00  -6.0100627e-01
   2.0000000e+00   6.5491006e-01  -6.1073366e-01  -6.1986224e-01  -1.1064542e+00  -7.1834385e-03   2.2435708e+00
   2.0000000e+00   8.6825447e-01  -1.0144953e+00  -8.4102895e-01   5.7609044e-02   1.2939419e+00  -1.8189611e+00
   2.0000000e+00   3.3773477e-01   2.2071609e-01  -1.9354911e+00   1.0138610e+00   1.4299054e+00   2.7797218e-01
   2.0000000e+00   2.7752393e-01   2.6744709e-02  -2.8305414e-01  -1.5340723e+00   1.9540423e+00  -1.4982839e+00
   2.0000000e+00   1.4133713e+00   6.8490205e-01   1.1320892e+00  -1.2219035e+00   2.6846723e-02   1.4105244e+00
   2.0000000e+00   6.9378453e-01   3.6894689e-01   6.5027326e-01  -7.6544721e-01  -1.6400130e+00  -1.2317427e+00
   1.0000000e+00  -6.2901703e-01   1.1523589e+00   6.5172352e-01  -1.1776848e-01   1.1908659e+00   9.2113904e-01
   2.0000000e+00  -1.8967373e-01  -6.9284562e-01   2.0070393e+00  -1.0399355e+00   1.1645071e+00   1.2262018e+00
   2.0000000e+00  -1.4791674e+00  -6.2513796e-01   1.6218338e+00  -3.9186545e-01  -1.4835645e-01   1.5600491e+00
   2.0000000e+00   2.0255399e+00   7.4231055e-01  -6.0822962e-01   5.3148174e-01   4.6709233e-01   7.5301140e-02
   2.0000000e+00   1.2267576e+00   6.9805085e-01  -4.7962592e-01   1.0606768e-01  -3.1048295e-01  -4.2189765e-01
   2.0000000e+00  -3.4768574e-01   6.8358374e-01  -6.9060153e-01   2.6218149e-01   6.1095523e-01  -4.3679881e-01
   2.0000000e+00   5.1636254e-01  -2.8930034e-01  -1.9703214e+00   2.5132977e+00  -4.2343731e-01   9.7946141e-01
   1.0000000e+00   2.3896431e-01  -2.2890565e-01   8.6289782e-01   4.3880297e-01   3.8773877e-01   1.2250389e+00
   2.0000000e+00   3.0293858e-01   7.8806629e-01  -8.9662031e-01   7.4629964e-01  -1.7709723e+00  -5.7014717e-02
   2.0000000e+00   3.4795154e-01   1.4638776e+00   1.5713991e+00   1.2784533e+00   1.3401680e+00  -2.1058384e-01
   2.0000000e+00   1.1249136e+00   1.1769797e+00   1.1763023e+00   1.4752118e+00  -1.6656630e+00  -9.4548235e-01
   2.0000000e+00   2.0559121e+00   1.2951884e+00  -1.2878014e+00  -1.3953618e+00  -1.3039670e-01   2.6034720e-01
   2.0000000e+00   1.2372684e+00  -4.3710216e-01   1.3642138e-01  -1.8056812e+00   2.8009567e-01   6.5301692e-01
   2.0000000e+00   6.5696122e-01  -5.8079440e-01   2.0232302e-01  -9.7975550e-01   1.4108508e+00   5.8787748e-01
   2.0000000e+00   8.1969817e-01   7.0351246e-01  -1.6789809e+00  -1.9068803e-01   4.8114003e-01   1.0964910e+00
   2.0000000e+00   8.0846609e-01  -8.9775920e-01  -8.9607410e-01   5.8745814e-01   2.4429879e+00   2.8973550e-01
   1.0000000e+00  -1.3922957e+00   9.7404097e-01   5.2985216e-01  -5.9784716e-02  -2.6994545e-02   3.6659062e-01
   1.0000000e+00   1.2093231e+00   4.8157693e-01   7.8582021e-01   1.1640227e-01  -1.8487682e-01  -1.0081614e+00
   2.0000000e+00  -7.2659060e-01  -1.7586856e+00   1.9460878e+00  -1.7532438e+00   4.0935668e-01   6.7871169e-01
   2.0000000e+00  -6.3186788e-01   5.7206857e-01  -2.6842499e-01  -3.1578841e-02  -9.1377749e-01  -5.7106382e-01
   2.0000000e+00  -3.0240856e-01  -1.6750267e+00   8.0676220e-01   7.7261454e-01   1.2136794e-01  -1.8492497e+00
   2.0000000e+00   1.4182545e+00  -3.1657516e-01  -8.9104625e-01   7.6109658e-01  -5.9669565e-01   9.1567928e-01
   2.0000000e+00   4.3859458e-01  -9.8619241e-01  -3.1519392e-01   1.6528877e-01   3.9712020e-01   4.3567907e-01
   2.0000000e+00  -4.3841336e-01   1.4401361e+00   1.3983917e+00   1.0234619e+00  -9.5947103e-01   1.4213216e-01
   2.0000000e+00  -1.0063070e-01  -8.8573745e-01   3.9866358e-01   1.0851392e+00  -4.2482173e-01  -1.0830345e+00
   2.0000000e+00   1.6993888e+00   2.9004337e-01  -7.7148960e-01  -4.1861798e-01   1.3729647e-01   2.4389099e-01
   2.0000000e+00  -1.1462009e-01   3.7534234e-01  -1.1384221e+00  -2.2191020e+00  -1.0032409e-02  -3.2802603e-01
   2.0000000e+00   7.5696005e-01  -1.6203145e+00  -2.5644323e-01   1.8473943e-01   1.2432213e+00  -2.3062787e-02
   1.0000000e+00   1.1079361e+00   7.5507975e-01   1.0434732e-01  -4.8920129e-01   1.8717633e-01  -3.6504934e-01
   2.0000000e+00   1.3385308e+00  -1.0347520e+00  -3.6202983e+00   1.2715693e+00  -1.0351640e+00   1.8149195e-01
   2.0000000e+00   1.6729046e+00  -3.3405715e-01  -1.8197252e-01  -7.4260025e-01  -2.3073814e-02  -2.7724637e-01
   2.0000000e+00   2.0452712e+00  -3.3577246e-01  -6.9614724e-01  -1.1666287e+00   2.4332319e-01  -3.2930491e-01
   1.0000000e+00  -1.3167072e+00   7.2739031e-01   5.8645202e-01  -1.5581421e-01   6.9338227e-01  -1.2086557e-01
   2.0000000e+00  -9.1760082e-02   8.0561092e-01   7.2591093e-01   1.2393280e+00  -5.7272020e-02   3.3299085e-01
   2.0000000e+00  -2.1948826e-01  -7.5904604e-01   2.7286542e+00   4.0344217e-01  -5.6911370e-01   8.9642400e-01
   2.0000000e+00   1.1932266e+00   8.8564626e-01  -1.6375864e+00   5.9104056e-01   6.5774542e-02  -5.5003406e-01
   1.0000000e+00  -1.9102310e+00   3.1057219e-01   8.1380374e-02   3.2632642e-01   1.2065384e+00   1.4452207e-02
   2.0000000e+00   1.3193605e+00  -4.9983389e-01   8.0349076e-01  -7.3761175e-01  -5.0205817e-01  -8.4039149e-01
   2.0000000e+00  -1.6646222e-01   9.3479471e-01  -1.1807462e+00  -8.2316707e-01   9.0961436e-01   4.1716075e-01
   1.0000000e+00  -7.4063811e-01   8.3336696e-01   3.5216061e-01   3.9131940e-01   8.4732898e-01   8.1281397e-02
   2.0000000e+00  -2.8251290e-01   1.3261134e-01  -1.6715879e-01   9.4029312e-01   7.8437902e-01  -8.9455574e-03
   2.0000000e+00   2.6519751e-01  -2.5488690e-01  -2.9490339e-01  -4.7386229e-01   1.0236184e+00   1.5080006e+00
   2.0000000e+00  -1.4022211e+00  -3.2240963e-01   1.7668436e-01   1.3725534e+00   8.5809529e-01   2.5969320e-01
   2.0000000e+00  -2.3608132e-01  -1.4302724e+00   1.2863920e+00  -4.1771679e-02  -2.1861901e+00  -9.8750263e-02
   2.0000000e+00   2.2903864e+00  -5.9940578e-01   5.1056372e-01   4.5620439e-01   9.1308345e-01  -5.5129254e-01
   2.0000000e+00   1.0454382e+00  -1.6891553e+00  -3.7130679e-01   5.6571661e-01  -1.3511464e+00   4.6821608e-01
   2.0000000e+00  -4.3038553e-01  -1.2364102e+00   3.5549169e-01  -1.1164053e+00   1.5844747e+00   4.6349414e-01
   1.0000000e+00  -1.9787320e-02   4.1671631e-01   4.1487430e-01   6.6142412e-01  -2.8158324e-01  -2.0363540e-01
   2.0000000e+00   1.3558500e+00  -2.5401698e-01   2.7500440e-02   1.0205146e+00   4.0971788e-01  -8.9480117e-01
   1.0000000e+00  -2.4495555e-02  -6.5694148e-01   8.0882439e-01   1.3651639e-02   9.3479045e-01   6.5032606e-01
   2.0000000e+00   7.5249477e-01  -3.5122494e-01   1.6152227e+00   3.4767783e-01  -1.0877901e+00  -6.6323512e-02
   2.0000000e+00   1.7805485e+00   4.0209344e-01  -7.7733987e-01   1.1505130e-01  -8.3135374e-01   5.3756120e-01
   2.0000000e+00  -6.4858996e-01  -4.5076538e-01  -1.1149779e+00   1.9040807e-01  -5.1703430e-01  -1.1017837e-01
   2.0000000e+00   1.5464172e+00  -1.5500561e+00  -2.7226065e+00   1.8299314e-01   2.6338856e-01  -1.4255996e+00
   2.0000000e+00  -8.6022589e-01   1.6600581e+00  -1.3038208e+00  -5.4364064e-01   8.0016561e-01  -3.3805811e-01
   2.0000000e+00   7.5384331e-01  -1.8588206e-01   1.3794998e+00  -1.5208105e+00   3.0284528e-01  -1.8117727e+00
   2.0000000e+00  -1.5041033e-01  -9.6505205e-01  -8.7689535e-01  -1.4377435e+00   9.7941851e-01   3.3937060e-02
   2.0000000e+00  -3.7820966e-01   9.9706696e-01  -3.1966409e-01   7.2413162e-02  -1.6481117e+00  -3.7070565e-01
   2.0000000e+00  -1.3392180e+00   4.9071759e-01   4.9612117e-01  -1.7427459e+00  -7.4343285e-01  -1.0873787e+00
   2.0000000e+00   7.1732025e-01   1.9122742e+00  -5.8530988e-01   1.6541595e+00  -9.2166808e-01   7.5083413e-01
   2.0000000e+00  -2.1225735e-01  -1.5128899e+00  -3.6749763e-01  -8.4301891e-01  -1.2782006e+00  -7.0297438e-01
   1.0000000e+00  -8.0946953e-02   7.6315587e-01   6.5232171e-01   7.2924593e-01  -6.8733044e-01  -4.4216180e-01
   2.0000000e+00  -8.8810865e-01   1.1991951e+00  -1.2351367e+00   1.0693479e-01  -7.0608129e-01  -4.9001700e-01
   2.0000000e+00   1.1419911e+00   2.8035558e-01   8.5615189e-02  -1.1575676e+00  -1.0277821e-01  -3.0889354e-01
   2.0000000e+00  -6.4907409e-01  -3.5626656e-01  -2.0804941e+00   1.1088213e+00   7.0043952e-01   1.9215760e-01
   1.0000000e+00  -9.4234925e-02   1.4417688e-01   3.7011568e-01   8.8117234e-01   5.4692437e-01  -1.2385284e+00
   1.0000000e+00   1.2499016e+00  -6.5334512e-01   3.3257525e-01   2.5405851e-01   9.8953505e-01   9.1675107e-01
   2.0000000e+00   1.8892191e-01   4.2134841e-01  -5.8099749e-02  -1.8601601e-01   1.5263217e+00   1.0207266e+00
   2.0000000e+00   6.9706810e-01  -3.9125680e-01   8.6792713e-01   2.2212927e+00   8.4036685e-01  -7.0044692e-02
   2.0000000e+00  -1.0101221e+00  -9.7031737e-01   1.7405580e+00   2.3496731e-01  -9.1990209e-01  -2.7894671e-01
   2.0000000e+00  -6.0558151e-01   8.9407843e-01  -1.2194979e+00  -6.4842150e-01  -1.2722464e+00   1.9875004e-01
   1.0000000e+00   1.2573598e+00   3.8193058e-01   1.0208926e-02  -6.8669134e-01   9.0870724e-01   1.2442688e-01
   2.0000000e+00   1.0268181e+00   1.5530053e-01   7.8221367e-01   1.1626212e+00  -2.3253528e+00   9.1820298e-02
   2.0000000e+00  -3.6569744e-01  -1.2169488e+00   1.6332944e+00  -1.6125221e+00   1.9088269e-01  -9.4504811e-02
   2.0000000e+00   4.7200664e-02   8.4426847e-01  -1.7024843e+00  -3.9516697e-01   5.5130228e-01  -5.7172262e-01
   2.0000000e+00   9.3030886e-01  -1.7290523e+00  -1.6042457e+00   1.5911792e-01  -8.0809570e-01   2.4253817e-01
   2.0000000e+00   1.3584449e+00  -1.0318657e+00   1.3970647e+00   7.8642435e-01   4.5266402e-01   1.0685934e+00
   2.0000000e+00   1.0434688e+00   3.4654244e-01   1.1655019e+00   2.7932439e-02   6.1598636e-01  -7.8923868e-01
   2.0000000e+00   5.2352457e-01  -3.3638452e-01   2.0996718e+00  -1.3577221e+00   1.1618264e+00   4.5327847e-01
   2.0000000e+00   3.4933691e-01   1.7126920e+00  -1.8863949e-01   5.9936146e-01  -3.0212589e+00   9.8350365e-01
   2.0000000e+00  -6.4063104e-02   3.1228194e-01  -4.2184889e-01  -8.0032614e-01  -1.1226964e-01  -9.8637069e-01
   2.0000000e+00   6.7646890e-01   3.9345019e-01  -4.2461155e-01   4.2993444e-01  -6.3349012e-01  -3.1509515e-02
   2.0000000e+00  -1.6127842e+00   7.9453699e-01   3.0387528e-01  -9.6579400e-01   4.3910520e-01  -1.4617312e+00
   2.0000000e+00  -1.2003680e+00  -1.5521015e+00  -3.7782857e-02  -4.8761547e-02  -7.2910271e-01  -3.4973720e-01
   2.0000000e+00   1.2766273e-01  -6.4639524e-01  -9.7533713e-01   2.1472721e-01  -7.1720218e-01  -3.6554594e-01
   1.0000000e+00   7.1511597e-02  -6.9124291e-01   3.6766434e-01  -1.0631866e-01   9.3125597e-01  -9.0758120e-01
   2.0000000e+00   6.3614357e-01   2.8471672e-01  -2.1914782e-01  -1.0630110e+00   1.5848944e+00  -9.2660145e-01
   2.0000000e+00  -1.1773574e+00   1.0826343e-02  -1.7504445e+00   1.3546834e+00   5.7081923e-01   1.0637909e+00
   2.0000000e+00   2.1418494e+00   2.0077503e+00  -7.7274591e-02   2.2157265e-02  -1.5992257e-01  -1.1161846e+00
   1.0000000e+00  -1.3611483e+00   5.9131219e-01   4.9173899e-01  -4.8337922e-01   1.0783042e+00  -2.9162647e-01
   2.0000000e+00  -1.3032246e-01  -7.2801130e-01  -3.3130788e-04   1.4410714e+00  -6.4214608e-02  -1.3477729e+00
   2.0000000e+00   7.7166532e-01   7.1754716e-01  -1.3907533e-01   4.7861078e-01  -4.5094410e-01  -6.6788894e-01
   2.0000000e+00   2.9857672e-01   5.7282268e-01   1.0681261e+00  -3.7749251e-02   2.3775646e+00   2.3126838e-01
   2.0000000e+00   1.8131149e-01  -1.1856218e+00   4.0833955e-01   1.7861055e+00  -5.3673230e-01  -2.4133997e+00
   2.0000000e+00   2.1515566e-01  -2.8285070e-01  -7.2748556e-01  -1.1793903e+00  -6.3798486e-01   7.6015622e-01
   2.0000000e+00  -1.3568907e+00   1.2644233e-01   1.2796936e+00  -4.9904066e-01  -4.9025908e-01  -4.7485779e-01
   2.0000000e+00   8.4254768e-01   8.4009066e-01   9.2427254e-01   8.8359973e-01  -5.4826952e-01  -7.1523370e-01
   2.0000000e+00   5.4127715e-01  -2.0275149e+00  -9.0155485e-02   1.0117598e+00  -3.6788260e-01  -1.7687800e+00
   1.0000000e+00  -1.7200923e+00   4.4573272e-02   5.6654163e-02  -9.1584344e-02  -5.9817321e-01  -4.8683595e-01
   1.0000000e+00  -2.3077931e-01   2.7608435e+00   2.5652158e-01   7.9328895e-02  -2.5404950e-01   1.3261663e+00
   2.0000000e+00   2.0641238e+00  -7.6592520e-01   2.2751515e+00  -2.9967990e-01   9.7787003e-01   5.1733060e-01
   2.0000000e+00  -5.4710379e-02   1.8624018e+00  -1.3871350e+00   5.1770458e-01  -1.0987718e+00  -4.1053715e-01
   2.0000000e+00  -1.3925827e+00   8.2203692e-02  -3.5089637e-01  -2.7587788e-01  -1.9396238e+00  -1.6140506e+00
   2.0000000e+00   2.5374628e-01  -2.4103327e-01  -3.9058592e-01   1.1501077e+00  -1.5835326e+00   4.4642439e-01
   1.0000000e+00  -1.5188535e-01  -2.9715499e-01   5.8025610e-01   3.3698263e-01   7.0854374e-01  -6.4375229e-01
   2.0000000e+00   1.3152546e+00  -1.0912338e-01  -9.7292622e-01   9.2156136e-01   3.9817703e-01  -6.9440659e-01
   2.0000000e+00  -4.5734267e-01   1.1262582e-01  -9.6707520e-01   3.5620289e-01  -9.3504801e-01   7.6557933e-01
   2.0000000e+00   1.4194654e-01   3.8221669e-01   4.4240295e-01  -1.7007227e+00   1.6962097e+00   5.5108754e-02
   2.0000000e+00   5.3592740e-01  -1.2967509e+00  -4.7048891e-02   4.0550543e-01  -1.0003085e-02  -1.4563199e+00
   2.0000000e+00   9.7092338e-01  -8.2851144e-01  -2.3819660e-01   7.5873846e-01  -4.7034787e-01  -3.5065662e-01
   2.0000000e+00  -1.7079899e+00  -5.6217318e-01  -5.3177820e-01  -7.3283313e-01  -3.5880371e-01  -1.9819718e-04
   2.0000000e+00   4.6895277e-01   1.3240121e+00  -1.1083564e+00  -1.9338842e+00   6.4772786e-02   5.0545195e-01
   1.0000000e+00  -5.8695556e-02  -3.0302099e+00   1.7706984e-01   8.4930664e-01  -1.3297088e+00   5.2966969e-01
   2.0000000e+00   2.2135539e-01  -1.0090891e+00   1.6857001e+00   6.5502938e-01  -1.0002891e+00  -1.2130190e+00
   2.0000000e+00  -1.7288410e+00   5.1883101e-01  -7.2916305e-01  -4.1927868e-01  -2.0796106e-01  -2.1295941e+00
   1.0000000e+00  -5.9188018e-01   6.1152278e-01   2.3337295e-01  -2.8174166e-02  -2.8569505e-01  -2.3234012e+00
   2.0000000e+00   4.8482894e-01  -1.0023707e+00  -1.8538253e+00  -2.8031565e-01   7.6600840e-01   9.4804709e-01
   2.0000000e+00   9.4410427e-01   6.5196305e-01   1.8421092e+00  -1.1284490e+00   6.8283153e-01   2.6230770e-01
   2.0000000e+00   1.1312241e+00  -4.8576043e-01   1.7821461e+00  -2.1025696e-01  -1.5004703e+00   3.4814198e-01
   2.0000000e+00  -2.0101707e-01   1.4063949e+00  -7.3077725e-01   9.5745039e-01   7.7480506e-02  -6.2272555e-01
   2.0000000e+00  -7.3298051e-01   1.0123691e+00   1.0132430e+00  -1.6196745e+00  -5.1457793e-01  -3.0086143e-02
   2.0000000e+00   1.1796735e+00  -8.1977868e-01   2.1950326e+00  -9.4570185e-01   1.7499672e+00   1.2140175e+00
   2.0000000e+00   5.4977198e-01   8.2913209e-01  -6.1789518e-01  -7.9279476e-01  -2.0856835e+00   1.3769312e-01
   1.0000000e+00   1.6075981e+00  -1.2885162e+00   7.6669911e-01  -5.7116555e-01  -3.1447121e-01   5.8147929e-01
   2.0000000e+00   6.0909499e-01   1.1705788e+00  -6.2296617e-01   2.3161994e+00   1.6796848e-01  -1.1600643e+00
   2.0000000e+00   2.0854083e+00  -1.0515746e+00  -1.0909105e+00  -2.7922983e-01  -2.4565790e-01   9.5642260e-01
   1.0000000e+00  -5.1415300e-01   4.0496639e-01   5.7503999e-01  -3.0166021e-01  -1.3013303e+00  -1.7333173e+00
   1.0000000e+00  -8.5948765e-01   3.7028359e-01   3.3917201e-01  -7.2360935e-01  -6.1695883e-01  -3.0701614e-01
   1.0000000e+00  -6.6867998e-01   1.0855194e-02   6.7234627e-01   4.3651533e-03   2.8307554e-02  -1.3978543e+00
   2.0000000e+00  -2.0080627e-01  -4.0346626e-01  -1.4020005e+00   2.3690996e-01   6.0172579e-01   3.0175375e-01
   2.0000000e+00  -5.9445918e-01  -1.0772939e+00  -7.1588562e-01   9.8519910e-01  -1.3059773e+00  -1.1787737e+00
   1.0000000e+00  -2.0691856e-01   1.0536054e+00   7.1206705e-02  -5.8009866e-01   2.0095645e-01   1.9114205e-01
   2.0000000e+00   7.1953932e-01   1.0525009e+00  -7.6229655e-01  -1.2370340e+00   9.9527850e-01   1.3888951e-01
   2.0000000e+00  -2.6617631e-01  -1.7128207e+00  -1.5678600e+00   9.9526581e-01   9.0069905e-01  -1.3875384e-01
   1.0000000e+00  -1.2971502e+00   1.2048605e+00   1.7739133e-02  -1.8207473e-01   9.0535627e-01   1.5818271e+00
   1.0000000e+00   1.1896496e-01   1.3507093e+00   7.5977661e-02  -7.6410182e-01   7.2018330e-01  -7.3622597e-01
   2.0000000e+00  -7.3780092e-01   6.9568043e-01  -1.1012822e+00  -9.2510500e-01  -5.5661462e-01   1.3267163e+00
   2.0000000e+00   1.0036847e+00   1.3317018e+00   3.5855500e-01   1.4319459e+00   2.1174946e-02   4.5493720e-01
   2.0000000e+00   1.5908464e-01   5.9493792e-02  -1.0150295e+00  -4.8327140e-01   2.5596321e-01   1.2735841e+00
   2.0000000e+00   3.3631608e-02   2.6529751e-01  -1.6748747e+00  -1.5167434e+00   3.0464250e+00  -2.0549634e-01
   2.0000000e+00  -1.1119618e+00  -2.2048796e-03   1.4251540e+00   8.0756658e-01  -3.2214290e-01   6.7212781e-01
   2.0000000e+00  -5.8394141e-01  -6.8313182e-01  -4.2374019e-01  -8.6592731e-01  -2.7102335e-02   1.5663889e+00
   1.0000000e+00  -1.1994668e-01  -7.1911620e-01   1.1589068e-01   2.2866702e-02   2.7346603e-01   2.2390566e-02
   2.0000000e+00   3.2393835e-01  -3.2471637e-01   1.4139037e+00   2.2369656e-02  -1.6140310e+00   1.7236557e+00
   2.0000000e+00  -4.2367851e-01  -1.1324218e+00  -2.3255984e-06   6.2339944e-02   1.3762521e+00  -1.2313365e+00
   2.0000000e+00   1.4963678e+00   1.1622095e+00  -3.9805958e-01  -6.4845576e-01   6.2795938e-01   9.8965401e-02
   1.0000000e+00   7.5559495e-01  -5.8588956e-01   1.3511601e-02   2.8166059e-02   1.4818710e+00   5.8233287e-01
   2.0000000e+00   1.1012247e+00  -5.4250621e-01  -1.0871876e+00  -4.7874569e-01   8.4849135e-01  -4.6295696e-01
   2.0000000e+00   1.1402910e+00  -4.4597563e-02  -1.9567778e+00  -1.3250699e+00  -1.4648167e+00  -1.8111370e+00
   2.0000000e+00  -1.9691766e+00   1.0565666e+00  -4.3666774e-01  -2.6515559e+00   6.1119493e-01   1.8987758e+00
   2.0000000e+00  -1.0983136e-01  -5.0883544e-01  -1.0909082e+00  -3.6494354e-01   8.6674610e-01  -8.8510927e-01
   2.0000000e+00   1.5667181e-01   2.2525411e+00   1.2379324e+00  -1.2925004e-01   7.8383951e-01  -4.3587550e-01
   1.0000000e+00   5.1126645e-01  -1.6063249e+00   2.4049192e-01  -4.2906799e-01  -1.5239502e+00   6.4354630e-01
   2.0000000e+00   1.2575144e+00  -3.6257795e-01  -1.9845971e+00   1.9874137e+00  -7.0356915e-01  -3.7252042e-01
   1.0000000e+00   6.7696365e-01  -9.7317637e-01   5.6084571e-01   4.1148381e-01   4.1604282e-01   2.5259239e+00
   2.0000000e+00  -7.8631653e-01  -1.3141509e+00  -3.2033791e-01  -1.1917125e-01   1.1542664e+00   3.4251558e-01
   2.0000000e+00  -1.8529405e-01   1.0752589e+00   1.7215048e+00   3.9607546e-01  -6.3294465e-02   2.3955556e+00
   2.0000000e+00   6.7312308e-01   3.9912712e-02  -5.0987485e-01  -9.7359273e-01   1.9923241e+00  -1.0151378e+00
   1.0000000e+00  -1.7019173e+00  -1.0371167e+00   2.4147938e-02  -5.4160435e-01  -3.5644942e-01   1.2301687e+00
   2.0000000e+00   3.3523872e-01  -4.9328313e-01  -7.7063737e-01  -1.9487769e+00  -5.7231779e-01  -4.0215549e-01
   2.0000000e+00  -4.4264594e-01  -1.0532016e+00  -1.3064901e-01   2.2131673e+00   1.0327331e+00  -1.2927785e-01
   2.0000000e+00  -1.3776548e-01  -2.9902379e-01   1.0798887e+00   1.5867413e-01  -9.6996411e-01   1.9041838e-01
   1.0000000e+00  -3.3741266e-01  -5.8584530e-01   7.2947780e-01  -1.0173345e-01   5.8074765e-01   1.2617097e+00
   1.0000000e+00  -5.5763370e-01   1.2669127e+00   4.2226358e-03  -6.0453457e-01   1.6350239e-01   1.9990762e-01
   2.0000000e+00   9.2280285e-01  -7.7397165e-01  -9.9953868e-01  -9.9568279e-01   1.3410205e+00   1.0593058e+00
   2.0000000e+00   4.6747175e-01  -1.2512004e+00  -2.2516884e+00  -6.3448715e-01  -5.7727891e-01  -1.4138733e+00
   2.0000000e+00  -2.4958501e+00   1.3701584e-01  -7.9666515e-01  -8.9253972e-01  -3.4492606e-01   1.7091524e+00
   2.0000000e+00   1.3422410e+00  -1.0507119e+00  -1.3397383e+00  -1.8947019e-01   4.4674822e-01   3.3301658e-01
   2.0000000e+00  -1.9953417e+00  -8.8224012e-01  -5.9018064e-01   1.1265108e+00  -8.2433519e-01  -4.9907846e-01
   2.0000000e+00  -1.6211467e+00  -4.9566541e-01   1.0694355e+00   4.2819628e-01   5.5305198e-01   8.8445308e-01
   2.0000000e+00   1.3533377e+00  -1.0415849e+00  -2.2810576e-01   1.1105156e+00  -1.2090708e+00  -8.6532568e-01
   2.0000000e+00   2.3633405e+00  -3.9515981e-01  -9.1565652e-01   1.2353878e+00   1.9744944e-01   1.1139892e+00
   2.0000000e+00  -1.6246418e+00  -4.9987193e-01   7.7739487e-01   9.8132362e-01   1.1942025e+00  -9.4811601e-01
   2.0000000e+00   7.1909568e-01   1.9782118e+00  -1.0067832e+00   1.4947477e+00   7.3367149e-01  -1.3445198e-01
   2.0000000e+00   8.8931448e-01  -1.2349901e-01   1.0906391e+00  -1.0117417e-01  -5.5697132e-01   5.2290726e-01
   2.0000000e+00   7.8074328e-01  -2.0773579e+00  -3.0285865e-01   1.1336783e+00  -1.1589119e+00   1.1550704e+00
   2.0000000e+00   1.1316890e+00  -1.4920735e+00  -1.8342595e+00   5.4255900e-01   3.4018599e-01   1.4374800e+00
   2.0000000e+00   3.5025871e-01  -1.7594963e+00  -1.0713381e+00   2.1156822e-01   6.1952785e-01  -3.4326860e-01
   2.0000000e+00   3.9976485e-01  -5.2517835e-01  -4.9412191e-01  -1.2136766e+00   5.4715795e-01   7.3784232e-01
   2.0000000e+00   2.7345038e-01  -1.0121262e-01  -6.6674124e-01   2.2987634e-01  -9.6081341e-01   1.1227128e+00
   2.0000000e+00  -9.6302400e-01   2.8153883e+00   1.5067130e+00  -1.1840999e+00   2.0517013e-01  -5.4986503e-01
   2.0000000e+00  -9.6463720e-01  -2.1196994e+00  -2.1551476e+00   8.8318898e-01  -9.0960633e-01  -2.6983299e-01
   2.0000000e+00   1.1151414e-02  -1.3633399e+00   2.4426590e-01  -1.3952156e+00   6.3529894e-01   1.3417044e-01
   1.0000000e+00   1.3577110e+00  -7.6355781e-01   7.6753200e-02  -5.4671043e-01  -7.8992203e-01  -6.9448429e-01
   2.0000000e+00  -8.3537829e-01   1.3988551e+00   1.3900805e+00   1.3502581e-01  -9.4638975e-01   2.0933418e+00
   2.0000000e+00   7.9091747e-01   1.4166870e+00  -4.4047460e-01  -2.5553141e+00  -9.9638195e-01   1.2808224e+00
   2.0000000e+00  -8.9962827e-01  -2.0149594e+00   1.8153981e+00  -2.0167810e+00   2.9240275e-01   8.4689733e-01
   2.0000000e+00   1.1709993e+00   7.1638818e-01   2.3554942e-01   9.9098283e-01   1.1829263e+00   3.3666786e-01
   2.0000000e+00  -4.9997017e-01   2.6713240e+00  -9.1494014e-01  -2.0258380e+00   6.8185054e-01   1.3138348e-01
   2.0000000e+00   2.8217668e+00   9.4271620e-01  -1.2672848e+00  -5.0997847e-01  -2.0143616e+00  -1.9918262e-01
   2.0000000e+00   1.5112823e+00  -3.9102953e-01  -7.1542596e-01  -1.9463228e+00  -7.8834053e-01   4.5476488e-01
   2.0000000e+00   8.8921493e-01  -9.0413565e-01  -5.1144390e-01  -9.5183415e-01   1.0818202e-02   6.4482291e-01
   2.0000000e+00   8.7039485e-01  -1.0827146e+00   9.9006730e-01  -1.0958204e+00   4.1249693e-01   5.2086367e-01
   2.0000000e+00   2.4766575e-01  -2.9278901e-01   5.7496009e-01  -1.5453009e+00   1.7692534e-01  -2.1546705e+00
   1.0000000e+00  -1.4832841e+00   1.0802577e+00   1.8613676e-01   8.6604691e-01  -2.4879787e+00   3.9856200e-01
   1.0000000e+00  -2.2447644e-01  -2.8388276e-01   7.6256674e-01   6.3739040e-01   1.8791633e-01  -1.1059180e+00
   2.0000000e+00  -9.5465043e-01  -7.2751867e-01  -1.7335871e+00  -8.9447260e-01   8.8202230e-01  -1.0563487e+00
   2.0000000e+00  -2.5377123e+00  -2.6902684e-01   2.0514023e+00  -9.4946443e-01  -4.2448079e-01  -6.1939423e-01
   2.0000000e+00  -9.2469526e-01  -4.9184738e-02  -5.0898635e-01  -4.5635825e-01   2.1139536e-01  -1.1428140e-01
   2.0000000e+00  -8.2628938e-01  -1.6817602e+00   6.8816328e-01  -1.2003612e+00   1.5787355e-02  -1.4288109e+00
   2.0000000e+00  -1.7658571e+00   9.6432154e-01   1.5156606e+00   3.7642270e-01  -1.6454047e+00  -8.3757814e-01
   1.0000000e+00  -3.3821571e-01   2.1730775e-02   6.8215671e-01  -1.3495580e-01  -7.0547247e-01  -2.8946375e-01
   2.0000000e+00  -7.8288985e-01   4.9336622e-01  -4.0946555e-01   5.8407530e-01  -6.3132852e-01  -2.8267769e-01
   1.0000000e+00   5.8653623e-01   1.5538705e+00   3.1775455e-01   4.5486166e-01   2.1399968e-01  -1.5490470e-01
   2.0000000e+00   1.4173469e+00  -2.6202257e-01   9.4097712e-01  -4.9709186e-01   9.1413273e-01   1.1221713e+00
   2.0000000e+00   6.4453863e-01   8.1448675e-01   1.1431412e+00   4.2841053e-01  -3.8534730e-01  -6.5210779e-01
   2.0000000e+00  -2.1126346e-02  -7.9181829e-01   1.1245669e+00  -7.2042570e-01   1.2073305e+00  -7.7384172e-01
   1.0000000e+00  -5.4823027e-01  -1.5154035e+00   8.5746126e-01  -1.3765248e-02  -1.7163700e+00  -1.3694726e+00
   1.0000000e+00  -9.3393232e-02  -1.8260145e-01   3.2836336e-01   2.9961785e-01  -5.2172105e-01  -3.7246242e-01
   2.0000000e+00   2.8998682e-01  -6.7505271e-01   6.8544252e-01  -9.7045165e-01  -6.8882122e-01  -9.4505079e-01
   2.0000000e+00   6.7755193e-02  -2.5120888e-01  -6.8641947e-01  -1.5058893e+00   9.5357600e-01   6.5000042e-01
   1.0000000e+00  -2.2840825e-01  -2.2309686e-01   5.1431823e-02   1.7783089e-02   4.7043641e-01   9.3317762e-01
   2.0000000e+00  -6.5244823e-01   5.5871506e-01  -2.2106435e-01   1.1573803e+00   1.1415023e+00   1.2490970e+00
   2.0000000e+00   3.8743768e-02   1.2779413e-01   1.0839419e+00   5.2232352e-01  -1.0074694e+00   1.6012296e+00
   2.0000000e+00  -2.4893998e-01  -1.2847696e-01  -8.7083144e-01   4.0973817e-01   2.5209430e-01  -4.0536149e-01
   2.0000000e+00   4.7146968e-01   7.5575556e-01   2.7011615e+00  -5.8768189e-02  -4.4998186e-01  -2.3668694e-01
   2.0000000e+00   1.1061031e+00  -4.6040793e-01   1.2722978e+00   3.9136648e-01   2.1225971e+00  -6.9884387e-01
   2.0000000e+00   1.5082643e+00  -5.3128741e-01  -9.3419718e-01   4.1637291e-01   1.7848924e+00   6.5742454e-01
   2.0000000e+00  -2.4083383e-01   1.8289915e-01  -1.4715712e+00   6.0260071e-01   1.1769805e+00   1.1780564e+00
   1.0000000e+00   6.1739682e-02  -2.0802094e-01   8.6616743e-01  -2.7668015e-01   6.8889544e-01  -6.2385216e-02
   1.0000000e+00   3.1477268e-01   3.7408529e-01   5.6134309e-01   6.2439684e-01   6.7497028e-01  -1.1450490e+00
   2.0000000e+00   2.3896135e-01   6.0433664e-01   7.3803027e-01  -1.4549058e+00   2.0011770e-01   1.1479023e+00
   2.0000000e+00   1.7306876e+00  -3.4433265e-01  -9.2683723e-01   1.0267443e+00  -1.3518840e+00  -9.3864327e-01
   1.0000000e+00   1.0003636e+00   6.3532873e-01   3.6354423e-01  -3.7792566e-01  -5.8840682e-01   6.2563376e-01
   1.0000000e+00  -5.3419704e-01   1.8425715e-01   5.8195811e-01  -1.4788896e-01  -7.9130155e-01   5.3015360e-01
   2.0000000e+00  -7.6318244e-01   6.9694822e-01   1.8465562e+00  -6.6631926e-02  -4.0047169e-01  -8.0454013e-01
   1.0000000e+00   7.7977000e-01  -1.8140715e+00   4.9635143e-01   4.4721800e-02  -1.1537743e+00   6.5032913e-01
   2.0000000e+00   1.8168100e-01   8.6327373e-01   1.2658737e-01  -1.2276195e+00  -1.3184077e+00  -2.8627054e-01
   2.0000000e+00   9.8371025e-01   6.9445873e-01   4.3629638e-01   1.7362825e+00  -1.8054327e+00   5.2233258e-01
   2.0000000e+00  -2.3237915e-01  -7.1941733e-01   5.5178398e-01  -9.5543595e-01  -1.4749423e+00   1.2028781e+00
   1.0000000e+00  -4.5149989e-01   1.0271965e+00   7.9206790e-02  -8.5057470e-01   1.1011714e+00   2.3865457e-01
   1.0000000e+00  -1.1630549e+00  -1.0190422e+00   2.8633045e-01   8.0438238e-01   3.0217640e-01   1.2549250e+00
   2.0000000e+00  -9.0249043e-01   3.1222666e-01  -8.8364215e-01  -1.1084384e+00  -1.1953989e-02  -5.3389086e-02
   2.0000000e+00   1.0730909e+00   1.5716957e-02  -8.1382911e-02   2.5370804e-01   1.2084869e+00   1.8178265e+00
   2.0000000e+00   1.6215902e-01  -7.2491589e-01  -1.6627961e+00   2.4194350e-01  -4.9698218e-01   6.1372585e-01
   2.0000000e+00   6.5999395e-01  -1.1828574e+00   8.0686087e-01  -1.1449345e+00   2.8544156e+00   1.1579285e+00
   2.0000000e+00   3.3860321e-01  -5.5850989e-01  -3.4349277e-01   1.0875741e+00   1.8577283e+00   3.9884567e-02
   2.0000000e+00   1.8475372e+00  -5.9435253e-01   6.5505161e-01  -1.0601541e+00   1.0941232e+00   7.1574459e-01
   2.0000000e+00   5.6502665e-01   7.7661872e-01   2.5207018e-01   1.5896197e+00   1.7092900e+00   2.4176631e-01
   2.0000000e+00   1.3562235e+00   3.3753193e-02   5.0935954e-01   1.2463081e+00   9.5266757e-01  -8.2438611e-02
   1.0000000e+00   9.8206255e-02  -8.4227918e-01   7.0755861e-01  -2.5933954e-01   1.4992047e+00  -1.7658497e+00
   2.0000000e+00  -2.5832650e-01  -6.9464858e-01  -1.7785230e-01  -2.2329385e-01  -1.5965818e+00   8.1772681e-01
   2.0000000e+00   2.2624089e-01   1.3744932e+00   1.2550433e-01   2.2657906e+00   1.0789174e-03  -5.4025723e-01
   2.0000000e+00   7.2167162e-01  -4.9041491e-01  -9.1790740e-01  -5.4859502e-01  -1.8849611e+00  -3.0973898e-01
   2.0000000e+00   8.3574987e-01   5.9100635e-01  -2.1921868e-01   2.1010746e+00   8.6495131e-01  -9.5312478e-01
   2.0000000e+00  -7.6947340e-01   1.0251485e+00   1.3059708e+00   3.2807109e+00  -4.7745092e-01   3.2296068e-01
   2.0000000e+00   2.7009081e-01  -2.0673090e-01  -5.0955451e-01   3.8667390e-01  -2.4754567e-01   7.2973658e-01
   2.0000000e+00   8.8784351e-01   1.9224109e+00  -1.2947136e+00  -1.1050964e-01   1.2327851e+00  -8.5037824e-01
   2.0000000e+00   7.1625916e-01  -6.5540004e-02  -2.4824459e-01   2.4194670e-01  -1.0731319e+00  -3.7970333e-01
   2.0000000e+00   5.5701569e-01   1.5746041e+00   7.4872838e-01   1.3191123e+00   1.0960760e+00  -1.3491321e+00
   2.0000000e+00   8.6921153e-01   8.7620661e-01  -2.0379563e-01  -2.5883884e-01  -1.2594074e+00  -1.7031818e-01
   2.0000000e+00  -5.2857159e-01   5.0196489e-01   1.0492987e+00  -4.2576847e-01  -9.4517826e-01  -2.1996506e+00
   2.0000000e+00   7.0647586e-01   1.0796393e+00  -5.6389618e-01   1.0228227e+00  -1.2437828e-02   1.4497473e+00
   2.0000000e+00  -9.3506258e-01   1.9385014e-01  -1.5323944e+00  -1.9752605e-01   1.5087649e+00  -7.1419215e-02
   2.0000000e+00  -4.0963124e-01  -4.0453771e-01  -1.1332316e+00  -2.1137140e-02  -3.4943562e-01  -1.8042530e+00
   2.0000000e+00   1.3810298e+00  -2.4195191e-01   2.0462168e+00  -2.8935509e-01   1.1354678e+00   3.3870242e-01
   2.0000000e+00   1.0613331e-01   1.2114361e+00  -9.7668166e-01   1.1465309e+00  -1.9664139e+00  -3.7805140e-01
   1.0000000e+00  -1.7395466e-01   1.2799148e+00   6.4448865e-01   4.7039429e-01  -9.0968197e-01   4.0274940e-01
   1.0000000e+00  -7.5254305e-01  -6.0216938e-01   2.8831162e-01   8.3711910e-01   1.0263356e+00  -9.5282011e-01
   2.0000000e+00  -2.1305052e+00  -9.1905523e-01   1.9683030e+00   2.7618076e-01  -1.6048759e+00  -7.2227897e-01
   2.0000000e+00  -5.0438684e-01   1.3718189e-01   2.6308503e+00  -9.5221712e-01   1.5184371e-01  -1.9686051e-01
   1.0000000e+00  -1.0957126e+00  -9.6685082e-01   4.0008187e-01   8.7538946e-01  -7.8181223e-01   5.2813202e-01
   2.0000000e+00   4.3947058e-01  -1.6550770e+00   2.4954031e-01   1.1671893e+00   9.4525122e-01  -1.8271099e-01
   1.0000000e+00   9.6126056e-01  -1.6902344e+00   6.4319287e-01  -4.1098112e-01  -2.0888409e+00  -8.3963170e-01
   2.0000000e+00  -7.5561193e-01   5.3260213e-01  -1.3031398e+00   1.4174214e+00   7.3925597e-01   3.9263578e-01
   2.0000000e+00   1.2378178e-01   9.5336735e-01  -6.7484924e-01  -1.8693207e-01   4.9520247e-01  -5.1348720e-01
   1.0000000e+00  -5.5703154e-01   2.5428817e-01   2.1844643e-01   9.6099959e-01   6.9283182e-01  -1.8600246e+00
   2.0000000e+00  -1.7808748e-01  -9.3411106e-01   6.9066635e-01  -9.3998604e-01  -9.0828274e-02  -5.8206610e-02
   2.0000000e+00  -4.8455164e-01   1.0005197e+00   1.4185340e+00  -1.0758820e+00  -5.1614868e-01   1.1177326e+00
   2.0000000e+00   5.5391607e-01   2.0263640e+00  -1.5258842e+00   1.6306876e-01  -9.0977734e-01   2.5261851e+00
   2.0000000e+00  -4.9188744e-01  -1.3904091e+00  -5.1900292e-03   1.0150312e+00   5.6936822e-01   1.3250220e+00
   2.0000000e+00  -4.9871930e-01  -5.9378675e-01   1.2948537e+00  -1.8136233e+00   4.9210610e-01   8.2890320e-01
   2.0000000e+00   1.0766563e+00  -2.2300034e-01  -1.4157572e+00  -1.6381378e+00  -1.2492549e-01   4.2640997e-01
   2.0000000e+00  -1.4117670e+00   3.2303442e-01   6.5751875e-01   1.5634190e+00   1.0898317e+00   7.6179531e-01
   2.0000000e+00  -6.3342387e-01  -1.1033285e+00  -4.8296368e-01   1.1305432e+00  -6.1852780e-03   7.9442440e-01
   2.0000000e+00   1.1656386e+00  -2.2740647e+00   9.5201352e-01  -6.0305222e-01   1.0111126e+00   1.3664977e+00
   2.0000000e+00  -1.3306222e-01   2.7478905e-01   2.2794869e+00   3.2517504e-01  -2.7194067e-01   6.1712789e-02
   1.0000000e+00   4.9155891e-01   1.0333186e+00   2.2308318e-01   2.9490136e-01   6.6190277e-01  -1.2295565e+00
   2.0000000e+00  -6.4319261e-01  -1.2923147e+00   7.5555733e-01  -1.7233895e+00  -1.3064578e+00  -2.0701725e-01
   1.0000000e+00  -1.3437207e+00  -1.0962887e+00   7.3501376e-01   3.8471124e-01  -2.9140587e-01   8.1278044e-01
   2.0000000e+00  -1.5556208e-01  -3.4479044e-01  -5.7854159e-01   2.5678153e-01   3.4606249e-01  -9.6723842e-01
   2.0000000e+00   1.3922032e+00   9.1344587e-01  -1.7227831e+00   8.1336567e-01   1.3958247e+00   1.4551829e+00
   2.0000000e+00   8.0995965e-01  -4.7594083e-01  -2.0130517e+00  -1.5712702e+00  -9.9567507e-01   6.2362920e-01
   2.0000000e+00   1.0131100e+00  -5.5563821e-01   1.5218364e+00   1.0418860e+00  -1.6957010e+00  -1.6593633e-01
   2.0000000e+00   2.0802658e-01  -6.8042337e-02  -4.1330055e-02  -8.6372754e-01  -9.5899724e-02   2.6373452e-01
   2.0000000e+00  -1.7471216e-01  -1.2558302e+00  -1.0431656e+00  -1.3168860e-01  -1.5994124e-01   6.5509417e-01
   2.0000000e+00  -7.3922580e-01  -5.7918694e-01  -1.2751769e+00  -1.0876327e-01   2.2206975e-01   9.3349351e-01
   2.0000000e+00  -1.3568098e+00  -1.0129140e-01   1.2441717e+00   3.9070129e-01   1.5656858e-01  -3.3967818e-01
   2.0000000e+00  -1.6516661e+00   6.2675093e-01  -9.7313521e-01  -2.0944157e-01   1.8958697e+00   1.7521726e-01
   2.0000000e+00  -1.8624765e+00   7.7127435e-01   1.0856537e-01  -1.8644868e+00   5.5792251e-01   1.6721594e-01
   2.0000000e+00  -3.6915550e-01  -1.9137058e+00  -8.6758099e-01  -4.6525157e-01   4.1517833e-01   1.5784167e+00
   1.0000000e+00  -5.7156872e-01   6.1548470e-01   5.4958661e-01   6.9334236e-04   1.2396978e-01   1.6501003e+00
   2.0000000e+00  -1.9446759e-01   5.9935145e-01  -1.5804503e+00  -1.6888419e-01  -1.1058575e+00  -1.6400507e+00
   1.0000000e+00  -2.4530468e-01  -2.7867470e+00   1.4963370e-01   3.2290085e-01  -4.8352477e-01  -1.1682628e-01
   2.0000000e+00   2.2814952e-01   1.1525820e-01  -2.0774627e-01   1.5855423e+00   1.2401101e+00  -5.7419058e-01
   2.0000000e+00   8.4296413e-01   6.5841902e-01  -1.0806403e+00   1.1265844e+00   2.2521153e-01  -2.3406341e-01
   2.0000000e+00  -2.7829568e-01   6.3932764e-01   4.4326078e-01   9.2809826e-01   7.3443096e-01   1.1245030e+00
   1.0000000e+00   7.2049200e-02  -8.2027136e-02   3.5423892e-02   2.4931447e-01  -4.2794523e-01  -1.9848328e+00
   2.0000000e+00   2.5051690e-02  -2.3940317e+00   2.1006309e+00  -4.3766904e-01   1.9736358e+00  -1.0145363e+00
   2.0000000e+00  -2.0722718e-01   3.6484095e-01  -1.0165382e+00   8.7114726e-01   1.9319353e-02   1.4633331e-02
   2.0000000e+00  -2.8330881e-01  -1.7316819e+00  -7.1065959e-01  -2.3697662e-01   4.1762078e-01   2.0043446e-01
   2.0000000e+00   7.9375654e-01  -3.1152713e-01   1.4095676e+00  -1.0078640e+00   1.9920055e-01  -1.0759227e+00
   1.0000000e+00   1.0003182e+00  -1.4146046e-01   2.3283343e-01   6.6936162e-01   3.5128932e-01  -7.0572411e-01
   2.0000000e+00  -1.6125436e+00   7.2136525e-01  -1.6015656e+00  -7.9174622e-01   5.5795622e-03  -4.6561555e-01
   1.0000000e+00   1.0395270e+00   4.2868337e-01   4.4218339e-01   5.7739564e-01   3.1608771e-01  -2.4233992e+00
   2.0000000e+00   2.2045883e+00   1.5539078e+00  -1.2262945e+00  -1.6239148e+00  -2.1182252e-01  -4.3928089e-01
   2.0000000e+00  -8.3126486e-01  -1.8268943e+00   1.0733967e+00   1.8728398e+00   6.2996475e-01  -1.0500533e+00
   1.0000000e+00  -8.9099176e-02   3.9941277e-01   2.6754018e-01  -2.3412829e-03  -7.9423348e-01   1.2961005e+00
   2.0000000e+00  -2.7842585e-01  -2.0339064e+00   1.3432885e+00   5.4297454e-01  -8.4577103e-01   3.3065491e-01
   1.0000000e+00  -2.0447205e-01   7.0511427e-01   1.4161407e-01  -9.5721961e-01   6.0555633e-01  -1.6166236e+00
   2.0000000e+00   1.0453182e+00  -2.3604492e-01   5.0859024e-01  -1.2264251e+00  -1.0131564e+00  -1.7605213e-01
   2.0000000e+00   1.6074855e-01   7.0041149e-01  -3.7520126e-01   4.2563718e-01   5.5420500e-01  -1.4190125e+00
   2.0000000e+00  -1.5435564e+00   1.0991599e+00  -3.2445441e-01  -2.9850741e-01   1.4770271e+00  -2.4846700e-01
   2.0000000e+00   3.1392647e-01   8.7671359e-01  -8.7494052e-02  -8.1635189e-01  -1.3995390e-01  -2.2104277e+00
   2.0000000e+00  -1.7423008e+00   7.9094999e-01   1.0433621e-01  -1.1780308e+00  -3.1409599e-01  -6.0456315e-01
   2.0000000e+00  -1.3512733e+00   1.8070690e+00   9.7049383e-01  -1.1652873e+00   7.7233335e-01  -8.0352835e-01
   2.0000000e+00   9.3649609e-02   2.8562126e+00   1.9998175e+00  -2.3086576e+00  -2.0946360e-01   3.6109259e-01
   2.0000000e+00   4.7333595e-01  -6.5699518e-01  -4.5144717e-01   1.8196432e+00  -3.6356578e-01  -9.7892391e-01
   2.0000000e+00   1.5450591e-01   6.5343171e-01  -8.8853782e-01   6.9288712e-01  -1.4656941e+00  -1.3772123e+00
   2.0000000e+00  -2.0691993e+00   2.6689118e-01  -8.5503767e-01  -1.2698231e+00   9.1353056e-01  -7.1729667e-02
   2.0000000e+00   9.2012464e-01  -1.1284962e-01   1.8756541e+00   6.0781026e-01  -2.5566771e-02  -1.1507558e+00
   2.0000000e+00   1.4822925e-01  -2.5851517e-01  -3.9925290e-01   3.6129562e-01   3.3875702e-01  -3.3068251e-01
   2.0000000e+00   1.5316807e-01  -2.0918834e-02  -8.8167092e-01  -1.7036694e+00   4.3275395e-02   3.3093980e-01
   2.0000000e+00   6.5804236e-01   2.2446550e+00  -1.1565753e+00   1.6242506e+00  -1.3400941e-01   1.9099016e+00
   2.0000000e+00  -1.5290379e+00  -1.7951605e+00  -2.1049684e-01   1.5995806e+00  -1.2934867e+00   4.6669291e-01
   2.0000000e+00   1.3666218e+00   1.7996679e+00  -2.4570892e+00   3.1864115e-01  -1.1876938e-01  -3.8235240e-01
   2.0000000e+00   2.0711626e+00   1.8214838e+00   7.0749377e-01  -1.8202926e+00   7.5665018e-01   1.7432616e-01
   2.0000000e+00  -6.3132687e-01  -7.9060327e-02  -3.8511333e-01   3.8532477e-01  -2.1096661e+00   6.4356522e-01
   2.0000000e+00   1.0752681e+00  -3.5603451e-01  -1.1766630e+00  -1.1544758e+00  -1.0114907e+00   9.9810116e-01
   2.0000000e+00   6.6569461e-01  -4.3991959e-01   6.2388627e-01   1.5192495e+00  -1.0085389e+00  -3.8114568e-01
   1.0000000e+00  -4.6196914e-01  -1.6406237e+00   6.6804790e-01   2.9102638e-01  -1.0884519e+00  -3.2938506e-01
   2.0000000e+00   2.8030508e-01  -3.8762926e-01   9.7367669e-01  -7.8654735e-01  -8.5496169e-01  -2.9919282e-01
   2.0000000e+00  -2.3214551e+00   1.4870480e+00  -3.3882602e-01   5.2260432e-01   2.9042948e-01  -7.0191351e-01
   2.0000000e+00  -1.1413197e+00   2.4244017e-01   6.3861845e-01  -9.1562176e-01  -2.4307478e-01  -1.0369249e-01
   2.0000000e+00  -2.3360811e+00   2.7659342e-02  -1.7500946e+00  -1.8349329e-01   1.7498785e+00  -2.4560286e-01
   1.0000000e+00   8.5740195e-01  -2.4154378e+00   7.2796391e-01   5.8217549e-01   1.9435124e+00  -1.0855374e+00
   2.0000000e+00   6.3911862e-01  -7.1252201e-01   2.1101593e-01  -1.0264418e+00  -6.1642042e-01   1.7464195e+00
   2.0000000e+00   5.3970338e-01  -1.5586060e+00   8.2244025e-01  -2.3749417e+00   6.6693256e-01  -1.1513182e+00
   2.0000000e+00   1.3961992e+00  -7.9259726e-01  -1.0301686e-01   1.1219105e+00   7.9805314e-01   1.7228519e+00
   2.0000000e+00  -2.9516989e-01  -9.1472349e-01   3.5600551e-01  -1.7999253e+00  -4.5366423e-01   8.1315005e-01
   1.0000000e+00   1.0885937e-01   3.2002988e-01   1.5316470e-01  -3.4889748e-01  -1.8626473e+00   7.2623861e-01
   2.0000000e+00  -1.3802834e-01   1.1705032e+00   1.6191388e+00  -1.0538400e-01  -3.3106211e-01   7.9267699e-02
   2.0000000e+00  -1.0892243e-01  -5.8679425e-01   7.5123785e-01   9.7761833e-01  -3.0073390e-01  -1.5815615e-01
   2.0000000e+00   2.7544860e+00  -1.0391102e+00   1.9044610e+00   1.1186036e+00   1.2065235e+00  -1.7630906e+00
   2.0000000e+00  -3.6467245e-02   7.2155524e-01  -8.1537636e-01   3.8152802e-01  -8.9807848e-01  -1.1251430e+00
   1.0000000e+00   7.2594214e-01  -1.6821997e+00   5.9904809e-01   2.1129467e-01  -3.3783442e-01  -1.8869484e+00
   2.0000000e+00   1.2070735e+00  -1.6585902e+00  -2.2475285e-01  -2.7173747e-01  -6.1313374e-01  -1.0394071e+00
   2.0000000e+00   1.4548154e-01   6.5518687e-01   2.2019246e+00   8.2880085e-01   1.4674778e+00   3.1548365e-01
   2.0000000e+00   6.3054846e-01   3.3688739e-01   6.7321777e-01  -9.6645436e-01   1.7766124e+00   5.1324908e-01
   2.0000000e+00   5.5501317e-01   9.6254372e-01  -4.6828139e-01  -1.0224331e+00  -2.2009704e-01   1.2676269e-01
   1.0000000e+00  -2.6435418e-01  -4.8348814e-01   4.0474062e-01  -4.5995777e-01   1.4194343e-01   6.2321834e-01
   2.0000000e+00  -2.5449097e-01   1.1092493e+00  -1.1441194e+00  -6.6744464e-03  -1.6357344e+00   8.0643032e-01
   1.0000000e+00   8.6179935e-01  -1.2928077e+00   7.3276674e-01  -5.8454361e-02  -1.4474402e+00   8.9797831e-01
   2.0000000e+00   4.6913446e-01  -1.8235728e+00   1.1724808e+00  -1.2891765e-01  -8.3984846e-01  -1.1914738e+00
   1.0000000e+00  -5.5006150e-01   7.8042267e-01   3.3586855e-01   4.3119179e-01   1.0058599e+00  -1.2846559e-01
   2.0000000e+00   8.8644144e-02   6.7406725e-01  -5.0264660e-01  -6.7577473e-01   1.1732207e-01   1.3242691e-01
   2.0000000e+00  -1.7907476e+00   9.7032711e-02   7.8620920e-01  -1.2144595e+00  -1.0454511e+00   1.1595769e-01
   2.0000000e+00  -2.5789032e+00  -3.2466130e-02  -1.7389445e+00   1.6714817e+00   2.3695286e-01  -1.7978406e+00
   2.0000000e+00  -1.6988914e-01   1.5349457e+00  -1.7510790e+00   1.6817617e+00  -1.2378507e-01  -1.0040140e+00
   2.0000000e+00  -3.2168972e-01   1.3058394e+00   4.0912042e-01  -9.5380035e-01  -1.1242078e+00  -4.4684729e-01
   1.0000000e+00  -1.2989644e-01   1.4695214e+00   7.2709664e-01  -5.2053087e-01   3.1254936e+00   7.7110119e-01
   2.0000000e+00   2.6456020e+00   1.8380722e+00   4.8615996e-01  -5.5528907e-01   1.4083205e-01   3.8577162e-01
   2.0000000e+00  -4.0628448e-01   1.5654723e+00  -1.0712407e+00   3.9342301e-01   2.1461961e+00   4.3766479e-01
   1.0000000e+00   8.5514888e-01   7.6656329e-01   2.9657593e-01   6.9025119e-01  -1.0358496e+00   2.1399391e+00
   2.0000000e+00   8.0444874e-02   5.1213330e-01  -1.5279360e+00  -1.6450041e+00  -1.8125929e+00  -7.4666497e-02
   2.0000000e+00  -4.2778432e-01   6.2904452e-01  -1.8719671e+00   8.3283376e-02  -1.4741381e-01  -3.8556301e-03
   2.0000000e+00   1.4521084e-01   7.7644665e-01  -2.6241247e-01  -2.2137366e+00   1.4433260e+00  -2.6407557e-01
   2.0000000e+00  -9.6889260e-01   3.5724546e-01  -1.0768189e-01   5.9800080e-01   6.0333932e-02   1.5277806e+00
   2.0000000e+00   2.2065248e+00  -1.1485616e-01  -1.6147097e-01  -1.4597778e-01  -3.7373614e-01   1.4908536e-01
   2.0000000e+00   6.7765733e-01   1.3643840e+00  -8.5446111e-02  -3.1162730e-02  -3.1212219e-01  -9.8822012e-01
   2.0000000e+00  -6.7553540e-03   2.7268349e-03   2.9352540e+00  -1.2615672e+00  -1.5583518e+00  -1.9821367e+00
   1.0000000e+00  -1.0246580e+00  -5.7347393e-01   6.4710302e-01  -4.3209123e-01  -7.4526054e-01   1.2472457e+00
   2.0000000e+00   1.3236267e+00   3.2026181e-01   5.6374444e-02  -1.1670793e+00  -1.7087278e-02   2.6365600e+00
   2.0000000e+00   1.1205793e+00  -1.5170417e+00  -1.5690809e+00   2.8435476e-01  -8.0025402e-01  -1.9755590e-01
   2.0000000e+00  -2.1544564e-01  -7.3440505e-01  -6.2947609e-01  -5.4607685e-01   1.1408971e+00   6.9455591e-01
   2.0000000e+00  -3.5996714e-02   2.2791729e+00   1.8189475e+00  -1.4577881e+00  -7.0992192e-01   4.1614095e-01
   1.0000000e+00   2.4159456e-01   6.3042435e-01   5.3782576e-01  -7.3409687e-01  -3.1643568e-01  -2.4165410e-01
   2.0000000e+00  -1.1354992e+00   1.2525507e+00  -1.1608649e+00   5.9223513e-02   1.2749604e+00   2.5219534e-01
   2.0000000e+00  -1.7081909e-02  -1.2733722e+00  -1.0327933e+00   9.2097602e-01   7.5379052e-01   8.9490366e-02
   2.0000000e+00  -8.0386720e-01  -1.1212880e+00   6.3299612e-01   1.1512409e+00   1.6453140e+00  -2.9719254e-01
   2.0000000e+00   1.0991954e+00  -1.3275358e+00   7.7605995e-01   1.2523494e+00   7.3175295e-01  -1.1078274e+00
   2.0000000e+00   2.1268255e+00   8.0449912e-01   1.4980400e-01   1.4833085e+00   5.5344437e-01   5.6530589e-02
   2.0000000e+00   9.7044049e-01   1.0540583e+00  -8.8863475e-01  -3.4941954e-01   6.0784646e-01  -2.0292982e+00
   2.0000000e+00  -1.2483751e+00   1.7413003e+00  -9.4036673e-01   3.5170348e-01  -1.9139127e-01   3.0350317e-01
   1.0000000e+00   7.7735415e-01  -9.1512821e-01   7.6140891e-01  -1.2624110e-01  -1.1296563e+00  -6.5667280e-01
   2.0000000e+00   1.6218938e+00   2.1169704e+00   6.6336994e-01  -2.7165130e+00   1.1553647e+00  -5.7421819e-01
   2.0000000e+00   6.6559091e-01  -1.7400621e-01  -5.1208033e-01   5.0653723e-01  -2.6625627e-01   5.7269262e-01
   2.0000000e+00   2.9713867e-02   1.0225675e+00   2.0289349e+00  -5.3205570e-01  -1.2497010e-01  -1.2094839e+00
   1.0000000e+00   8.0669490e-01  -3.8118010e-02   9.0479994e-01   2.3690753e-01   1.9731125e-01  -5.3757557e-01
   1.0000000e+00   2.5088424e-01  -1.1956494e+00   5.2478689e-02  -3.6768963e-01   1.1307429e+00  -2.3372116e-01
   1.0000000e+00  -1.4675624e-01   6.5175941e-01   5.8059547e-01   3.5349510e-01  -1.0562991e+00   1.7766407e-01
   2.0000000e+00   3.1830532e-01   1.4478033e-01  -7.1067205e-01  -1.3467700e+00  -2.8145164e-01   6.1372920e-02
   2.0000000e+00   5.6465493e-01   4.0374676e-01  -6.2829438e-01   2.8268482e-01  -2.5333334e+00  -2.0219463e+00
